V 54
K 1
D 0 -508000 2286000 0
Y 1
U 1905000 762000 254000 0 2 3 REFDES=S?
U 1905000 508000 254000 0 2 3 DEVICE=NE182UEEP6AMP
U 1905000 254000 254000 0 2 0 PKG_TYPE=NE182UEEP6AMP
U 1905000 0 254000 0 2 0 Description=Pushbutton Switch DPDT Standard Through Hole, Right Angle, 250 V
U 1905000 -254000 254000 0 2 0 Datasheet Link=https://www.littelfuse.com/assetdocs/littelfuse-c-k-pushbutton-ne18-series-datasheet?assetguid=eaa0cce0-0711-4a80-a25e-fa5683c64f06
U 1905000 -508000 254000 0 2 0 Height=14.4
U 1905000 -762000 254000 0 2 0 Manufacturer_Name=LITTELFUSE
U 1905000 -1016000 254000 0 2 0 Manufacturer_Part_Number=NE182UEEP6AMP
U 1905000 -1270000 254000 0 2 0 Mouser Part Number=611-NE182UEEP6AMP
U 1905000 -1524000 254000 0 2 0 Mouser Price/Stock=https://www.mouser.co.uk/ProductDetail/CK/NE182UEEP6AMP?qs=u2NJ%252B70r0go80sgN5CJXfg%3D%3D
U 1905000 -1778000 254000 0 2 0 Arrow Part Number=
U 1905000 -2032000 254000 0 2 0 Arrow Price/Stock=
U 0 0 254000 0 1 0 FORWARD_PCB=1
l 5 508000 254000 1778000 254000 1778000 -762000 508000 -762000 508000 254000
|GRPHSTL -1 -1 -1 1
P 1 0 0 508000 0 0 2 0
L 584200 0 228600 0 2 0 1 0 A1
A 355600 50800 203200 0 9 3 #=A1
A 0 0 9 0 3 0 PINTYPE=BI
P 2 0 -254000 508000 -254000 0 2 0
L 584200 -254000 228600 0 2 0 1 0 A2
A 355600 -203200 203200 0 9 3 #=A2
A 0 0 9 0 3 0 PINTYPE=BI
P 3 0 -508000 508000 -508000 0 2 0
L 584200 -508000 228600 0 2 0 1 0 P1
A 355600 -457200 203200 0 9 3 #=P1
A 0 0 9 0 3 0 PINTYPE=BI
P 4 2286000 0 1778000 0 0 3 0
L 1701800 0 228600 0 8 0 1 0 P2
A 1930400 50800 203200 0 3 3 #=P2
A 0 0 9 0 3 0 PINTYPE=BI
P 5 2286000 -254000 1778000 -254000 0 3 0
L 1701800 -254000 228600 0 8 0 1 0 R1
A 1930400 -203200 203200 0 3 3 #=R1
A 0 0 9 0 3 0 PINTYPE=BI
P 6 2286000 -508000 1778000 -508000 0 3 0
L 1701800 -508000 228600 0 8 0 1 0 R2
A 1930400 -457200 203200 0 3 3 #=R2
A 0 0 9 0 3 0 PINTYPE=BI
E
